a1499;2	1498	a201;2	200	2
a1500;2	1499	a679;2	678	2
a2618;8	2617	a914;8	913	2
a2451;2	2450	a2726;3	2725	2
a2116;2	2115	a47;2	46	1
a493;2	492	a766;2	765	1
a46;3	45	a726;3	725	1
a440;4	439	a812;2	811	1
a3030;2	3029	a409;3	408	1
a2788;4	2787	a45;5	44	1
a2681;2	2680	a596;3	595	1
a2402;2	2401	a469;2	468	1
a2308;2	2307	a2729;2	2728	1
a2273;2	2272	a2402;2	2401	1
a2225;2	2224	a576;2	575	1
a2155;2	2154	a603;2	602	1
a1010;4	1009	a648;3	647	1
a2082;3	2081	a2354;2	2353	1
a1935;2	1934	a2208;2	2207	1
a1663;2	1662	a2350;2	2349	1
a1610;3	1609	a812;2	811	1
a1608;3	1607	a742;2	741	1
a1551;2	1550	a2892;2	2891	1
a1466;2	1465	a2124;5	2123	1
a1264;2	1263	a2239;2	2238	1
a1160;3	1159	a2751;6	2750	1
a1033;2	1032	a639;2	638	1
