a2610;3	2609	a829;2	828	2
a1727;3	1726	a296;2	295	1
a76;2	75	a947;2	946	1
a277;2	276	a39;5	38	1
a2397;2	2396	a2772;2	2771	1
a2310;2	2309	a2739;2	2738	1
a2195;2	2194	a41;2	40	1
a2096;2	2095	a675;4	674	1
a2047;3	2046	a2072;2	2071	1
a1876;2	1875	a787;2	786	1
a1776;2	1775	a1876;2	1875	1
a1741;4	1740	a2889;3	2888	1
a1066;2	1065	a402;2	401	1
a1644;2	1643	a2840;2	2839	1
a1537;2	1536	a2436;2	2435	1
a1498;2	1497	a944;2	943	1
a1473;3	1472	a2072;2	2071	1
a1448;2	1447	a2131;2	2130	1
a1438;4	1437	a316;4	315	1
a1419;2	1418	a2706;3	2705	1
a1225;2	1224	a1454;2	1453	1
a1213;3	1212	a2288;2	2287	1
a1173;3	1172	a2137;3	2136	1
a1072;7	1071	a290;15	289	1
